0.0005 0.42013 0.368716 0.211155
0.001 0.652973 0.24436 0.102667
0.0015 0.420114 0.455086 0.1248
0.002 0.240989 0.460529 0.298482
0.0025 0.120895 0.730757 0.148348
0.003 0.0569352 0.916202 0.0268623
0.0035 0.0205608 0.97302 0.00641914
0.004 0.00945195 0.989414 0.00113449
0.0045 0.0137842 0.984852 0.00136349
0.005 0.00838825 0.991059 0.000552436
0.0055 0.00455907 0.995243 0.000198191
0.006 0.00518709 0.994735 7.80503e-05
0.0065 0.00223717 0.997753 1.02719e-05
0.007 0.00178244 0.998215 2.98596e-06
0.0075 0.000809556 0.99919 4.86986e-08
0.008 0.000328488 0.999672 4.67181e-10
0.0085 0.000172371 0.999828 1.69375e-11
0.009 0.000175724 0.999824 3.8451e-12
0.0095 6.9441e-05 0.999931 6.93975e-13
0.01 1.05003e-05 0.999989 2.43945e-13
0.0105 2.16872e-06 0.999998 3.83136e-13
0.011 5.09116e-07 0.999999 8.74068e-15
0.0115 2.18501e-07 1 6.91371e-16
0.012 1.05414e-07 1 5.42626e-17
0.0125 1.23429e-07 1 1.90697e-17
0.013 1.54185e-07 1 1.03223e-17
0.0135 2.25388e-07 1 5.45733e-18
0.014 2.53644e-07 1 1.9272e-18
0.0145 6.36565e-07 0.999999 4.69475e-18
0.015 1.70296e-06 0.999998 1.46611e-17
0.0155 2.45952e-06 0.999998 6.78196e-18
0.016 6.25869e-06 0.999994 2.12142e-17
0.0165 1.08392e-05 0.999989 1.86323e-17
0.017 3.24061e-05 0.999968 7.62707e-17
0.0175 8.39006e-05 0.999916 4.31033e-16
0.018 0.000229953 0.99977 1.82477e-15
0.0185 0.000494637 0.999505 4.08929e-15
0.019 0.00107621 0.998924 1.51561e-14
0.0195 0.00210168 0.997898 4.45501e-14
0.02 0.00408014 0.99592 1.36582e-13
0.0205 0.00623249 0.993768 2.40711e-13
0.021 0.00979774 0.990202 5.83199e-13
0.0215 0.014933 0.985067 1.35824e-12
0.022 0.0211389 0.978861 1.80429e-12
0.0225 0.0305458 0.969454 3.81512e-12
0.023 0.042941 0.957059 7.74572e-12
0.0235 0.0569648 0.943035 9.32166e-12
0.024 0.0793446 0.920655 1.72905e-11
0.0245 0.0881114 0.911889 2.10801e-11
0.025 0.11143 0.88857 2.41652e-11
0.0255 0.141978 0.858022 4.10146e-11
0.026 0.159415 0.840585 4.81955e-11
0.0265 0.184364 0.815636 5.40363e-11
0.027 0.217937 0.782063 9.01874e-11
0.0275 0.246761 0.753239 9.6672e-11
0.028 0.268705 0.731295 1.10054e-10
0.0285 0.309691 0.690309 1.80226e-10
0.029 0.341605 0.658395 1.83851e-10
0.0295 0.367134 0.632866 2.05421e-10
0.03 0.402437 0.597563 2.14968e-10
0.0305 0.422831 0.577169 2.39676e-10
0.031 0.44267 0.55733 2.66912e-10
0.0315 0.480497 0.519503 2.86024e-10
0.032 0.518145 0.481855 2.89693e-10
0.0325 0.538251 0.461749 2.22381e-10
0.033 0.558052 0.441948 1.71875e-10
0.0335 0.595513 0.404487 8.94311e-11
0.034 0.615202 0.384798 6.8503e-11
0.0345 0.63409 0.36591 5.31426e-11
0.035 0.664819 0.335181 3.14638e-11
0.0355 0.695893 0.304107 1.95932e-11
0.036 0.718422 0.281578 1.33211e-11
0.0365 0.735238 0.264762 1.0259e-11
0.037 0.763628 0.236372 6.53931e-12
0.0375 0.787118 0.212882 3.95162e-12
0.038 0.800717 0.199283 3.29256e-12
0.0385 0.812995 0.187005 2.65244e-12
0.039 0.839626 0.160374 1.5292e-12
0.0395 0.853769 0.146231 1.13015e-12
0.04 0.86642 0.13358 8.11351e-13
0.0405 0.884453 0.115547 5.5326e-13
0.041 0.897881 0.102119 3.58207e-13
0.0415 0.914689 0.0853112 2.07593e-13
0.042 0.920245 0.079755 1.8456e-13
0.0425 0.933594 0.0664064 1.13967e-13
0.043 0.939969 0.060031 8.65438e-14
0.0435 0.945263 0.0547366 6.90649e-14
0.044 0.953091 0.0469089 4.93419e-14
0.0445 0.962621 0.0373792 2.60618e-14
0.045 0.96597 0.0340301 2.10238e-14
0.0455 0.971742 0.0282582 1.37388e-14
0.046 0.974487 0.025513 1.07706e-14
0.0465 0.978807 0.0211933 7.10551e-15
0.047 0.982355 0.0176451 4.82122e-15
0.0475 0.984016 0.0159837 3.89406e-15
0.048 0.986723 0.0132773 2.712e-15
0.0485 0.988863 0.0111374 1.94593e-15
0.049 0.990252 0.00974769 1.38573e-15
0.0495 0.991786 0.00821435 1.03347e-15
0.05 0.99304 0.00696031 7.97816e-16
0.0505 0.994533 0.00546671 4.5613e-16
0.051 0.995334 0.00466551 3.7121e-16
0.0515 0.995506 0.00449391 4.02745e-16
0.052 0.996421 0.00357901 2.59288e-16
0.0525 0.996895 0.00310516 2.30324e-16
0.053 0.997284 0.00271615 2.12705e-16
0.0535 0.997761 0.00223896 1.57433e-16
0.054 0.998015 0.00198453 1.5534e-16
0.0545 0.998225 0.00177537 1.59536e-16
0.055 0.998487 0.00151256 1.37727e-16
0.0555 0.998624 0.00137581 1.51683e-16
0.056 0.998736 0.00126426 1.74086e-16
0.0565 0.998826 0.00117441 2.0818e-16
0.057 0.998896 0.00110437 2.12666e-16
0.0575 0.998959 0.00104146 2.6877e-16
0.058 0.999007 0.000992872 3.53412e-16
0.0585 0.999091 0.000909495 4.0495e-16
0.059 0.999116 0.000884403 5.71122e-16
0.0595 0.99913 0.000870302 8.37034e-16
0.06 0.999152 0.000847571 9.70622e-16
0.0605 0.999152 0.000847845 1.50315e-15
0.061 0.999142 0.000858132 2.41242e-15
0.0615 0.999112 0.000888313 3.41789e-15
0.062 0.999127 0.000873434 4.97869e-15
0.0625 0.999091 0.000909251 8.35693e-15
0.063 0.999048 0.000952224 1.22255e-14
0.0635 0.998997 0.00100266 1.81596e-14
0.064 0.998934 0.0010659 3.35708e-14
0.0645 0.998924 0.00107626 4.3523e-14
0.065 0.998839 0.00116148 8.34949e-14
0.0655 0.998761 0.00123904 1.27641e-13
0.066 0.998672 0.0013275 1.96787e-13
0.0665 0.998573 0.00142733 3.05627e-13
0.067 0.998511 0.00148925 5.20227e-13
0.0675 0.998395 0.00160522 8.06999e-13
0.068 0.998265 0.00173501 1.21635e-12
0.0685 0.998123 0.00187735 1.90227e-12
0.069 0.997961 0.00203857 2.98084e-12
0.0695 0.997782 0.00221788 4.6757e-12
0.07 0.997521 0.00247875 9.37299e-12
0.0705 0.997297 0.00270328 1.46355e-11
0.071 0.997218 0.00278248 1.93487e-11
0.0715 0.99697 0.00302958 2.99948e-11
0.072 0.996691 0.00330857 4.51993e-11
0.0725 0.996384 0.00361583 6.97764e-11
0.073 0.996057 0.00394297 1.07347e-10
0.0735 0.995687 0.00431346 1.64501e-10
0.074 0.99528 0.00471993 2.51006e-10
0.0745 0.994852 0.00514782 3.81238e-10
0.075 0.994366 0.00563424 5.64207e-10
0.0755 0.994213 0.00578707 7.18191e-10
0.076 0.993698 0.0063023 1.07429e-09
0.0765 0.993109 0.00689088 1.59833e-09
0.077 0.992468 0.00753243 2.36495e-09
0.0775 0.991807 0.00819317 3.47977e-09
0.078 0.991583 0.0084167 4.34905e-09
0.0785 0.990813 0.00918664 6.22159e-09
0.079 0.990029 0.00997106 9.00179e-09
0.0795 0.989452 0.0105483 1.07096e-08
0.08 0.989191 0.0108091 1.31434e-08
0.0805 0.988297 0.0117025 1.87852e-08
0.081 0.987244 0.0127565 2.63337e-08
0.0815 0.987014 0.0129863 3.21162e-08
0.082 0.985863 0.0141372 4.51263e-08
0.0825 0.985465 0.0145353 5.49361e-08
0.083 0.984334 0.0156656 7.63023e-08
0.0835 0.982981 0.0170189 1.05368e-07
0.084 0.983322 0.0166782 1.05405e-07
0.0845 0.981879 0.0181211 1.44744e-07
0.085 0.98158 0.01842 1.73783e-07
0.0855 0.980014 0.0199857 2.35971e-07
0.086 0.978596 0.0214035 3.18765e-07
0.0865 0.977971 0.0220287 3.75918e-07
0.087 0.977455 0.0225445 4.28479e-07
0.0875 0.977182 0.0228175 5.07442e-07
0.088 0.975274 0.0247251 6.74378e-07
0.0885 0.97496 0.0250397 7.96337e-07
0.089 0.972903 0.0270958 1.03882e-06
0.0895 0.972546 0.0274526 1.22302e-06
0.09 0.972406 0.0275925 1.37284e-06
0.0905 0.971518 0.0284808 1.60667e-06
0.091 0.969901 0.0300974 2.08303e-06
0.0915 0.969658 0.0303401 2.41402e-06
0.092 0.967206 0.0327912 3.0979e-06
0.0925 0.969013 0.0309837 3.12561e-06
0.093 0.96759 0.0324059 3.99682e-06
0.0935 0.966441 0.0335546 4.6226e-06
0.094 0.965031 0.0349627 5.81927e-06
0.0945 0.966435 0.0335591 5.86632e-06
0.095 0.964432 0.0355606 7.39838e-06
0.0955 0.963866 0.0361257 8.49377e-06
0.096 0.960913 0.0390766 1.06103e-05
0.0965 0.960206 0.0397816 1.20628e-05
0.097 0.960128 0.0398586 1.32324e-05
0.0975 0.958581 0.041404 1.5061e-05
0.098 0.957704 0.0422788 1.71704e-05
0.0985 0.954306 0.0456731 2.09653e-05
0.099 0.955874 0.0441045 2.11325e-05
0.0995 0.953096 0.0468786 2.58915e-05
0.1 0.951172 0.0487986 2.92722e-05
0.1005 0.948114 0.0518508 3.55928e-05
0.101 0.948912 0.051052 3.56228e-05
0.1015 0.947564 0.0523959 4.01737e-05
0.102 0.943426 0.0565255 4.84535e-05
0.1025 0.941857 0.0580883 5.44636e-05
0.103 0.940653 0.0592885 5.83412e-05
0.1035 0.938972 0.0609632 6.53388e-05
0.104 0.934266 0.065656 7.80016e-05
0.1045 0.931553 0.0683598 8.70117e-05
0.105 0.933099 0.0668141 8.7156e-05
0.1055 0.928032 0.0718646 0.000103356
0.106 0.92504 0.074845 0.000114929
0.1065 0.920335 0.079529 0.000135522
0.107 0.921074 0.0787902 0.000135631
0.1075 0.917778 0.0820717 0.000150342
0.108 0.911922 0.0879024 0.000176035
0.1085 0.913309 0.0865145 0.000176303
0.109 0.907128 0.0926657 0.000205816
0.1095 0.903383 0.0963905 0.000226704
0.11 0.899472 0.100278 0.000249712
0.1105 0.897396 0.102341 0.000263244
0.111 0.893327 0.106384 0.000289077
0.1115 0.886288 0.113378 0.000333493
0.112 0.886814 0.112853 0.00033369
0.1125 0.882409 0.117225 0.00036532
0.113 0.874917 0.124664 0.000419041
0.1135 0.870223 0.12932 0.000457386
0.114 0.867506 0.132015 0.000479553
0.1145 0.862642 0.136836 0.000521957
0.115 0.857601 0.141831 0.000568021
0.1155 0.849261 0.1501 0.000638831
0.116 0.849438 0.149917 0.000644617
0.1165 0.840749 0.158522 0.000729416
0.117 0.835263 0.163955 0.000782361
0.1175 0.835291 0.16392 0.000789358
0.118 0.82616 0.172951 0.000888525
0.1185 0.820329 0.17872 0.000950213
0.119 0.816642 0.18236 0.000997486
0.1195 0.810851 0.188075 0.00107387
0.12 0.80477 0.194085 0.00114522
0.1205 0.794995 0.203729 0.00127649
0.121 0.794586 0.204126 0.00128735
0.1215 0.784511 0.214071 0.00141849
0.122 0.778037 0.220444 0.00151857
0.1225 0.773616 0.224798 0.00158625
0.123 0.767704 0.230615 0.00168062
0.1235 0.761031 0.237175 0.00179472
0.124 0.750492 0.24753 0.0019774
0.1245 0.749586 0.248439 0.00197501
0.125 0.738794 0.259036 0.00217078
0.1255 0.732943 0.264747 0.00231083
0.126 0.727872 0.269747 0.00238061
0.1265 0.720893 0.276582 0.00252526
0.127 0.713804 0.283542 0.00265355
0.1275 0.708521 0.288727 0.00275278
0.128 0.702765 0.294316 0.00291918
0.1285 0.691692 0.305161 0.00314684
0.129 0.6845 0.312176 0.00332352
0.1295 0.678853 0.317708 0.0034388
0.13 0.673388 0.323011 0.0036017
0.1305 0.662248 0.333856 0.00389547
0.131 0.660338 0.335742 0.00391936
0.1315 0.653045 0.342869 0.00408614
0.132 0.641845 0.353752 0.00440264
0.1325 0.641845 0.353752 0.00440264
0.133 0.630662 0.364603 0.00473482
0.1335 0.623389 0.371648 0.00496322
0.134 0.617217 0.377719 0.00506388
0.1345 0.612315 0.382365 0.00531983
0.135 0.601296 0.393012 0.00569207
0.1355 0.59415 0.399955 0.00589469
0.136 0.590344 0.403576 0.00607989
0.1365 0.583293 0.410419 0.00628789
0.137 0.569868 0.423466 0.00666528
0.1375 0.567093 0.426215 0.0066916
0.138 0.556487 0.436461 0.0070519
0.1385 0.546796 0.445905 0.00729904
0.139 0.540272 0.452256 0.00747232
0.1395 0.530634 0.461712 0.00765456
0.14 0.520427 0.471471 0.00810208
0.1405 0.507463 0.484097 0.0084399
0.141 0.504425 0.487111 0.0084638
0.1415 0.494589 0.496509 0.00890235
0.142 0.487717 0.503373 0.00891012
0.1425 0.481221 0.509888 0.00889115
0.143 0.475 0.516073 0.00892653
0.1435 0.462202 0.528863 0.00893433
0.144 0.458911 0.532239 0.00884998
0.1445 0.448436 0.542676 0.00888792
0.145 0.438873 0.55208 0.00904705
0.1455 0.429281 0.561824 0.00889491
0.146 0.422459 0.568689 0.00885179
0.1465 0.416312 0.574737 0.00895029
0.147 0.403434 0.587731 0.00883481
0.1475 0.398924 0.592171 0.00890513
0.148 0.392949 0.598136 0.00891517
0.1485 0.380097 0.611039 0.00886357
0.149 0.373141 0.618057 0.00880177
0.1495 0.366002 0.625263 0.00873522
0.15 0.357011 0.634128 0.00886125
0.1505 0.344453 0.646845 0.0087021
0.151 0.343026 0.648263 0.00871103
0.1515 0.334299 0.656872 0.00882836
0.152 0.321984 0.669363 0.00865316
0.1525 0.320504 0.670838 0.00865775
0.153 0.312106 0.679212 0.00868196
0.1535 0.300073 0.69135 0.00857633
0.154 0.29334 0.698103 0.008557
0.1545 0.290488 0.700921 0.00859154
0.155 0.278826 0.712702 0.00847218
0.1555 0.269595 0.722015 0.00838991
0.156 0.269572 0.721954 0.00847424
0.1565 0.258335 0.733323 0.00834254
0.157 0.249467 0.742284 0.00824872
0.1575 0.242367 0.749302 0.00833137
0.158 0.2387 0.753193 0.0081074
0.1585 0.230204 0.76171 0.00808525
0.159 0.223523 0.768401 0.00807581
0.1595 0.217512 0.774528 0.00795974
0.16 0.209504 0.782571 0.00792573
0.1605 0.20559 0.786524 0.00788637
0.161 0.196091 0.796183 0.00772604
0.1615 0.192307 0.800051 0.00764272
0.162 0.186486 0.805813 0.00770089
0.1625 0.179318 0.81303 0.00765166
0.163 0.170691 0.821909 0.00739953
0.1635 0.168656 0.823846 0.00749752
0.164 0.162011 0.830629 0.00735983
0.1645 0.157444 0.835272 0.00728399
0.165 0.152565 0.840278 0.00715653
0.1655 0.147798 0.845081 0.00712165
0.166 0.141784 0.85116 0.00705573
0.1665 0.135991 0.857099 0.00691083
0.167 0.134303 0.858696 0.0070017
0.1675 0.127396 0.865862 0.00674289
0.168 0.122072 0.871258 0.00667026
0.1685 0.11823 0.875064 0.00670544
0.169 0.115459 0.877933 0.00660764
0.1695 0.109361 0.884213 0.00642522
0.17 0.105908 0.88771 0.00638222
0.1705 0.101373 0.892324 0.00630351
0.171 0.0988879 0.894834 0.00627805
0.1715 0.0957602 0.898007 0.00623298
0.172 0.0916327 0.902214 0.00615292
0.1725 0.0877739 0.906333 0.00589357
0.173 0.0866373 0.907392 0.00597097
0.1735 0.0828461 0.911265 0.00588934
0.174 0.0792159 0.915045 0.00573934
0.1745 0.0767269 0.91751 0.00576328
0.175 0.0747422 0.919593 0.00566488
0.1755 0.0705768 0.923933 0.00548985
0.176 0.0683655 0.92619 0.00544445
0.1765 0.0653226 0.929314 0.00536326
0.177 0.0624095 0.932307 0.00528305
0.1775 0.0615932 0.933119 0.00528765
0.178 0.058847 0.935945 0.00520786
0.1785 0.056223 0.938713 0.00506425
0.179 0.0530143 0.942085 0.0049007
0.1795 0.0523122 0.94272 0.00496743
0.18 0.0499598 0.945213 0.00482699
0.1805 0.0477078 0.947541 0.00475077
0.181 0.0462566 0.949036 0.00470757
0.1815 0.0441716 0.951196 0.00463281
0.182 0.0429289 0.952466 0.00460473
0.1825 0.0416335 0.953805 0.00456194
0.183 0.0392246 0.956364 0.00441169
0.1835 0.0374467 0.958273 0.00428054
0.184 0.0357466 0.960042 0.00421107
0.1845 0.035282 0.960445 0.00427264
0.185 0.0336863 0.962169 0.00414497
0.1855 0.0321606 0.963761 0.00407839
0.186 0.0312238 0.964737 0.00403953
0.1865 0.0298119 0.966213 0.00397494
0.187 0.0280642 0.968092 0.00384353
0.1875 0.027238 0.968999 0.00376303
0.188 0.026453 0.969763 0.0037835
0.1885 0.0252538 0.97108 0.00366608
0.189 0.0241079 0.972284 0.00360803
0.1895 0.0234329 0.972936 0.00363114
0.19 0.0227309 0.973716 0.00355257
0.1905 0.0217039 0.974799 0.00349755
0.191 0.0207239 0.975832 0.00344405
0.1915 0.0201543 0.976435 0.0034107
0.192 0.0189635 0.977737 0.00329947
0.1925 0.0181049 0.978701 0.00319386
0.193 0.0172848 0.97957 0.0031452
0.1935 0.0170822 0.979717 0.00320099
0.194 0.0163128 0.980589 0.00309856
0.1945 0.0155778 0.981369 0.0030527
0.195 0.0148774 0.982168 0.00295424
0.1955 0.014489 0.982531 0.00297971
0.196 0.0138389 0.983224 0.0029373
0.1965 0.0130205 0.984188 0.00279182
0.197 0.0124334 0.984815 0.00275195
0.1975 0.0122991 0.984895 0.00280544
0.198 0.0117479 0.985538 0.00271363
0.1985 0.0112215 0.986102 0.00267612
0.199 0.0107192 0.986641 0.00263977
0.1995 0.0105613 0.986824 0.00261473
0.2 0.0100884 0.987332 0.00257989
0.2005 0.00963763 0.987868 0.00249455
0.201 0.00920709 0.988331 0.00246205
0.2015 0.00898803 0.988521 0.00249135
0.202 0.00858847 0.989003 0.00240862
0.2025 0.00807825 0.989585 0.00233669
0.203 0.00783289 0.989838 0.00232906
0.2035 0.0074844 0.990264 0.00225121
0.204 0.00731131 0.990409 0.00227982
0.2045 0.00698699 0.99076 0.00225267
0.205 0.00667786 0.991145 0.00217714
0.2055 0.00638255 0.991466 0.0021519
0.206 0.00610075 0.991772 0.00212747
0.2065 0.00596709 0.991924 0.0021087
0.207 0.00570476 0.99221 0.0020855
0.2075 0.00545438 0.992482 0.00206329
0.208 0.00521565 0.992791 0.00199372
0.2085 0.00490672 0.993155 0.00193817
0.209 0.0048049 0.993274 0.00192151
0.2095 0.00459421 0.993504 0.00190165
0.21 0.00439308 0.993724 0.00188245
0.2105 0.00416 0.994038 0.00180248
0.211 0.00397699 0.994238 0.00178486
0.2115 0.00380229 0.99443 0.00176783
0.212 0.00372878 0.994518 0.00175358
0.2125 0.00356559 0.994697 0.00173746
0.213 0.00340976 0.994868 0.00172202
0.2135 0.00321034 0.995141 0.00164886
0.214 0.00306994 0.995295 0.00163468
0.2145 0.00293584 0.995443 0.00162097
0.215 0.00281305 0.995623 0.00156395
0.2155 0.00271744 0.995699 0.00158358
0.216 0.00255414 0.995903 0.00154308
0.2165 0.00240059 0.996123 0.00147675
0.217 0.00229424 0.996241 0.00146497
0.2175 0.00215675 0.9964 0.00144346
0.218 0.0020621 0.996547 0.00139062
0.2185 0.00193778 0.996692 0.00137043
0.219 0.00190958 0.996687 0.00140304
0.2195 0.00179843 0.99686 0.00134193
0.22 0.00169484 0.996981 0.00132366
0.2205 0.00159792 0.997096 0.00130605
0.221 0.00150751 0.997244 0.00124814
0.2215 0.00141771 0.997351 0.00123178
0.222 0.00133805 0.997446 0.0012162
0.2225 0.00126353 0.997575 0.00116115
0.223 0.00117263 0.997701 0.00112639
0.2235 0.00109335 0.997801 0.00110572
0.224 0.0010273 0.997919 0.00105405
0.2245 0.000958663 0.998006 0.00103488
0.225 0.000930806 0.998013 0.00105626
0.2255 0.00087097 0.998128 0.00100065
0.226 0.000815488 0.998201 0.000983769
0.2265 0.000755892 0.998281 0.000963093
0.227 0.000694103 0.9984 0.000906392
0.2275 0.000637763 0.998479 0.000883571
0.228 0.00058694 0.998551 0.000861877
0.2285 0.000531103 0.99867 0.000799065
0.229 0.000477767 0.998752 0.000770644
0.2295 0.000423638 0.998832 0.000744333
0.23 0.000382942 0.998931 0.000686175
0.2305 0.000341146 0.999006 0.000652699
0.231 0.000310094 0.999058 0.000632135
0.2315 0.000274269 0.999146 0.000580175
0.232 0.000248933 0.99919 0.000561362
0.2325 0.000225489 0.999232 0.000542936
0.233 0.000206006 0.999296 0.000497843
0.2335 0.000187903 0.99933 0.000482476
0.234 0.000165887 0.999366 0.000467735
0.2345 0.000152088 0.99942 0.000427754
0.235 0.000139372 0.999445 0.000415542
0.2355 0.00012778 0.999468 0.00040402
0.236 0.000117555 0.999514 0.000368407
0.2365 9.43946e-05 0.999577 0.000328423
0.237 8.66605e-05 0.999594 0.000319364
0.2375 7.8555e-05 0.999615 0.000306552
0.238 7.2489e-05 0.999649 0.000278067
0.2385 6.38978e-05 0.999665 0.000271112
0.239 5.90419e-05 0.999676 0.00026472
0.2395 5.46564e-05 0.999706 0.00023957
0.24 5.07938e-05 0.999715 0.000233926
0.2405 4.50488e-05 0.999727 0.000227519
0.241 3.73398e-05 0.999779 0.000183432
0.2415 3.49299e-05 0.999787 0.000178493
0.242 3.26789e-05 0.999794 0.000173772
0.2425 3.05818e-05 0.999814 0.000155896
0.243 2.70571e-05 0.999821 0.000151868
0.2435 2.53196e-05 0.999827 0.000148041
0.244 2.09501e-05 0.99986 0.000119002
0.2445 1.96136e-05 0.999864 0.000116107
0.245 1.70462e-05 0.999871 0.000111745
0.2455 1.59591e-05 0.999875 0.000109146
0.246 1.49477e-05 0.999887 9.78229e-05
0.2465 1.23627e-05 0.999902 8.57158e-05
0.247 1.09087e-05 0.999905 8.39076e-05
0.2475 1.02299e-05 0.999915 7.52085e-05
0.248 9.59848e-06 0.999917 7.3725e-05
0.2485 7.95789e-06 0.999927 6.49007e-05
0.249 7.02633e-06 0.999935 5.82267e-05
0.2495 6.60909e-06 0.999936 5.72712e-05
0.25 5.5026e-06 0.999944 5.06933e-05
0.2505 5.19146e-06 0.999949 4.55793e-05
0.251 4.90386e-06 0.999949 4.57848e-05
0.2515 3.85551e-06 0.999955 4.08712e-05
0.252 3.65624e-06 0.999956 4.05756e-05
0.2525 3.09132e-06 0.999964 3.31675e-05
0.253 2.94568e-06 0.999964 3.30843e-05
0.2535 2.34908e-06 0.999968 3.00295e-05
0.254 2.24995e-06 0.99997 2.73032e-05
0.2545 1.93835e-06 0.999973 2.54428e-05
0.255 1.68191e-06 0.999975 2.34721e-05
0.2555 1.51707e-06 0.999975 2.37653e-05
0.256 1.33046e-06 0.999979 2.00317e-05
0.2565 1.15357e-06 0.99998 1.85e-05
0.257 1.02719e-06 0.999981 1.74867e-05
0.2575 8.57689e-07 0.999984 1.50127e-05
0.258 7.75503e-07 0.999985 1.46478e-05
0.2585 7.06899e-07 0.999985 1.41468e-05
0.259 6.49478e-07 0.999986 1.37613e-05
0.2595 6.0141e-07 0.999987 1.2127e-05
0.26 4.86185e-07 0.999988 1.12857e-05
0.2605 4.5866e-07 0.999988 1.12379e-05
0.261 4.10138e-07 0.99999 9.613e-06
0.2615 3.93684e-07 0.99999 9.89567e-06
0.262 3.34284e-07 0.99999 9.62949e-06
0.2625 3.10312e-07 0.99999 9.4784e-06
0.263 2.91601e-07 0.999991 8.44953e-06
0.2635 2.66228e-07 0.999992 8.20739e-06
0.264 2.37382e-07 0.999991 8.33914e-06
0.2645 2.16163e-07 0.999993 7.24148e-06
0.265 2.07017e-07 0.999992 7.46201e-06
0.2655 1.95745e-07 0.999992 7.47297e-06
0.266 1.84113e-07 0.999992 7.45458e-06
0.2665 1.60166e-07 0.999993 6.65342e-06
0.267 1.51423e-07 0.999993 6.66961e-06
0.2675 1.43148e-07 0.999993 6.68658e-06
0.268 1.35754e-07 0.999993 6.84888e-06
0.2685 1.19707e-07 0.999994 6.18697e-06
0.269 1.16759e-07 0.999994 6.36863e-06
0.2695 1.14454e-07 0.999993 6.58202e-06
0.27 1.14214e-07 0.999993 6.90158e-06
0.2705 1.20371e-07 0.999993 6.74616e-06
0.271 1.20371e-07 0.999992 7.5592e-06
0.2715 1.305e-07 0.999991 8.62044e-06
0.272 1.41433e-07 0.99999 9.64845e-06
0.2725 1.53237e-07 0.99999 9.64845e-06
0.273 1.66002e-07 0.999989 1.07922e-05
0.2735 1.66002e-07 0.999988 1.20638e-05
0.274 1.79768e-07 0.999986 1.34764e-05
0.2745 1.94617e-07 0.999986 1.34764e-05
0.275 2.10662e-07 0.999984 1.53101e-05
0.2755 2.27949e-07 0.999983 1.70825e-05
0.276 2.27948e-07 0.999981 1.90474e-05
0.2765 2.46573e-07 0.999979 2.12239e-05
0.277 2.66684e-07 0.999979 2.12239e-05
0.2775 2.88328e-07 0.999976 2.36326e-05
0.278 3.11618e-07 0.999973 2.62962e-05
0.2785 3.11617e-07 0.99997 2.97373e-05
0.279 3.36746e-07 0.99997 2.97373e-05
0.2795 3.63763e-07 0.999967 3.3045e-05
0.28 3.92796e-07 0.999963 3.66927e-05
0.2805 4.24083e-07 0.999959 4.07109e-05
0.281 4.24081e-07 0.999954 4.51322e-05
0.2815 4.57695e-07 0.999954 4.51322e-05
0.282 4.93774e-07 0.999949 5.08061e-05
0.2825 5.32589e-07 0.999943 5.62326e-05
0.283 5.74263e-07 0.999937 6.21798e-05
0.2835 5.74259e-07 0.999931 6.86873e-05
0.284 6.18945e-07 0.999931 6.86873e-05
0.2845 6.66921e-07 0.999924 7.57959e-05
0.285 7.18407e-07 0.999916 8.35469e-05
0.2855 7.73542e-07 0.999906 9.34249e-05
0.286 8.32621e-07 0.999896 0.000102744
0.2865 8.32613e-07 0.999886 0.000112848
0.287 8.95987e-07 0.999875 0.000123781
0.2875 9.63782e-07 0.999875 0.000123781
0.288 1.03625e-06 0.999863 0.000135586
0.2885 1.11397e-06 0.999851 0.000148308
0.289 1.19698e-06 0.999834 0.000164423
0.2895 1.19696e-06 0.999819 0.000179357
0.29 1.2856e-06 0.999803 0.000195363
0.2905 1.38042e-06 0.999786 0.000212486
0.291 1.4817e-06 0.999768 0.000230774
0.2915 1.58968e-06 0.999748 0.000250271
0.292 1.7049e-06 0.999723 0.000274886
0.2925 1.70486e-06 0.999701 0.000297286
0.293 1.8279e-06 0.999677 0.000321054
0.2935 1.95892e-06 0.999652 0.000346234
0.294 2.09836e-06 0.999625 0.000372869
0.2945 2.2472e-06 0.999597 0.000400999
0.295 2.4055e-06 0.999561 0.000436576
0.2955 2.57375e-06 0.999529 0.00046829
0.296 2.57366e-06 0.999496 0.00050164
0.2965 2.75271e-06 0.999461 0.00053666
0.297 2.94317e-06 0.999424 0.000573381
0.2975 3.1453e-06 0.999385 0.000611832
0.298 3.35954e-06 0.999293 0.000703266
0.2985 3.58767e-06 0.999249 0.000747693
0.299 3.82944e-06 0.999202 0.000793961
0.2995 4.0855e-06 0.999154 0.000842083
0.3 4.08508e-06 0.999052 0.000943916
0.3005 4.35655e-06 0.998985 0.00101034
0.301 4.64439e-06 0.998929 0.00106671
0.3015 4.9485e-06 0.99881 0.00118507
0.302 5.27022e-06 0.998748 0.00124703
0.3025 5.61086e-06 0.998618 0.00137641
0.303 5.97107e-06 0.99855 0.00144377
0.3035 6.46947e-06 0.99839 0.00160307
0.304 6.87898e-06 0.998317 0.00167648
0.3045 7.31016e-06 0.998165 0.00182808
0.305 7.30958e-06 0.998087 0.00190616
0.3055 7.90822e-06 0.997926 0.00206654
0.306 8.39663e-06 0.99776 0.00223207
0.3065 9.07383e-06 0.997561 0.00243023
0.307 9.62583e-06 0.997384 0.00260635
0.3075 1.03908e-05 0.997204 0.00278558
0.308 1.10132e-05 0.997022 0.00296712
0.3085 1.16669e-05 0.996838 0.00315014
0.309 1.25754e-05 0.996654 0.00333378
0.3095 1.331e-05 0.99647 0.00351716
0.31 1.43291e-05 0.996196 0.00378984
0.3105 1.5152e-05 0.995972 0.00401292
0.311 1.62941e-05 0.995706 0.00427808
0.3115 1.72152e-05 0.995533 0.00444937
0.312 1.81773e-05 0.995286 0.00469624
0.3125 1.95188e-05 0.995051 0.00492905
0.313 2.05901e-05 0.994765 0.00521432
0.3135 2.20861e-05 0.99457 0.0054075
0.314 2.32778e-05 0.994339 0.00563727
0.3145 2.49413e-05 0.994119 0.00585605
0.315 2.62629e-05 0.993905 0.00606858
0.3155 2.81094e-05 0.993698 0.00627418
0.316 2.95696e-05 0.99345 0.0065206
0.3165 3.16146e-05 0.99326 0.00670869
0.317 3.37783e-05 0.993078 0.00688833
0.3175 3.54849e-05 0.992864 0.00710049
0.318 3.78707e-05 0.992664 0.00729847
0.3185 3.97459e-05 0.992478 0.00748197
0.319 4.23716e-05 0.992307 0.00765086
0.3195 4.44263e-05 0.99215 0.00780517
0.32 4.73071e-05 0.991981 0.00797139
0.3205 4.9552e-05 0.991856 0.0080945
0.321 5.27055e-05 0.991723 0.00822448
0.3215 5.51495e-05 0.991609 0.00833607
0.322 5.85904e-05 0.991497 0.00844469
0.3225 6.12435e-05 0.991407 0.0085322
0.323 6.49878e-05 0.991334 0.00860101
0.3235 6.78583e-05 0.991272 0.00866
0.324 7.19184e-05 0.991222 0.0087058
0.3245 7.50149e-05 0.991211 0.0087135
0.325 7.81967e-05 0.991208 0.00871347
0.3255 8.61367e-05 0.9912 0.0087134
0.326 9.10053e-05 0.991196 0.00871336
0.3265 9.46405e-05 0.991192 0.00871333
0.327 9.98495e-05 0.991187 0.00871328
0.3275 0.000103708 0.991183 0.00871325
0.328 0.000107643 0.991179 0.00871321
0.3285 0.000113332 0.991174 0.00871316
0.329 0.000121684 0.991165 0.00871309
0.3295 0.000127832 0.991159 0.00871304
0.33 0.000132223 0.991155 0.008713
0.3305 0.00013666 0.99115 0.00871296
0.331 0.000143223 0.991144 0.0087129
0.3315 0.000152404 0.991135 0.00871282
0.332 0.000157015 0.99113 0.00871278
0.3325 0.000163993 0.991123 0.00871272
0.333 0.000168665 0.991119 0.00871268
0.3335 0.000177911 0.991109 0.0087126
0.334 0.000185095 0.991102 0.00871254
0.3345 0.000189637 0.991098 0.0087125
0.335 0.000194084 0.991093 0.00871246
0.3355 0.000202618 0.991085 0.00871239
0.336 0.000206662 0.991081 0.00871235
0.3365 0.000213535 0.991074 0.00871229
0.337 0.000220753 0.991067 0.00871223
0.3375 0.000223998 0.991064 0.0087122
0.338 0.000226967 0.991061 0.00871217
0.3385 0.000231995 0.991056 0.00871213
0.339 0.000234016 0.991054 0.00871211
0.3395 0.000236999 0.991051 0.00871209
0.34 0.000237953 0.99105 0.00871208
0.3405 0.000238856 0.991049 0.00871207
0.341 0.000238867 0.991049 0.00871207
0.3415 0.00023885 0.991049 0.00871207
0.342 0.000238829 0.991049 0.00871207
0.3425 0.000238754 0.991049 0.00871207
0.343 0.000238624 0.991049 0.00871207
0.3435 0.000238537 0.991049 0.00871207
0.344 0.000238314 0.99105 0.00871208
0.3445 0.000238026 0.99105 0.00871208
0.345 0.000237672 0.99105 0.00871208
0.3455 0.00023702 0.991051 0.00871209
0.346 0.000236508 0.991051 0.00871209
0.3465 0.000235632 0.991052 0.0087121
0.347 0.000234639 0.991053 0.00871211
0.3475 0.000233542 0.991054 0.00871212
0.348 0.000232356 0.991056 0.00871213
0.3485 0.00023022 0.991058 0.00871215
0.349 0.000227943 0.99106 0.00871217
0.3495 0.000223685 0.991064 0.0087122
0.35 0.000216032 0.991072 0.00871227
