0.008 0.417625 0.271161 0.311213
0.016 0.48231 0.296418 0.221272
0.024 0.673419 0.21683 0.109752
0.032 0.592189 0.375343 0.0324679
0.04 0.639547 0.28598 0.0744723
0.048 0.908187 0.0819718 0.00984132
0.056 0.88831 0.109006 0.00268399
0.064 0.927019 0.0720462 0.000935044
0.072 0.949343 0.0486419 0.00201497
0.08 0.964842 0.034193 0.000965323
0.088 0.942082 0.0574084 0.000509538
0.096 0.981396 0.0185423 6.14342e-05
0.104 0.978618 0.0213543 2.72182e-05
0.112 0.983177 0.016809 1.40401e-05
0.12 0.986359 0.0136384 2.94372e-06
0.128 0.983503 0.0164961 9.80244e-07
0.136 0.992958 0.00704207 8.17211e-08
0.144 0.994783 0.00521737 9.1833e-08
0.152 0.994391 0.00560889 8.16067e-08
0.16 0.99469 0.00530988 7.67172e-08
0.168 0.997154 0.00284636 1.30832e-08
0.176 0.997603 0.00239675 8.05638e-09
0.184 0.997942 0.00205839 3.60996e-09
0.192 0.998717 0.00128349 1.23644e-09
0.2 0.998901 0.00109932 9.00925e-10
0.208 0.999247 0.000753296 2.28113e-10
0.216 0.999406 0.000593608 1.45659e-10
0.224 0.999437 0.000563172 8.51336e-11
0.232 0.999661 0.000339386 3.15193e-11
0.24 0.999702 0.000297872 3.06837e-11
0.248 0.999785 0.000215436 1.28708e-11
0.256 0.999815 0.000185044 1.20423e-11
0.264 0.999806 0.000194494 2.15876e-11
0.272 0.999872 0.000128431 7.95005e-12
0.28 0.999863 0.000137226 1.36131e-11
0.288 0.99991 8.97537e-05 7.79171e-12
0.296 0.999886 0.000114256 1.62295e-11
0.304 0.999909 9.10014e-05 1.6856e-11
0.312 0.99989 0.000109766 3.74803e-11
0.32 0.999899 0.000100615 4.21547e-11
0.328 0.999882 0.000117806 9.19776e-11
0.336 0.999882 0.000118041 1.15277e-10
0.344 0.999863 0.000136958 1.56531e-10
0.352 0.999825 0.000174749 2.91343e-10
0.36 0.999833 0.000166783 2.54086e-10
0.368 0.999797 0.000203174 4.06708e-10
0.376 0.999798 0.000202288 3.74063e-10
0.384 0.999774 0.000225657 4.38509e-10
0.392 0.999742 0.000257738 6.33989e-10
0.4 0.999773 0.000227238 4.80455e-10
0.408 0.999739 0.000260794 5.12833e-10
0.416 0.999766 0.000234199 4.00057e-10
0.424 0.999773 0.00022651 3.69114e-10
0.432 0.999777 0.000222814 3.56836e-10
0.44 0.99982 0.00017995 2.32724e-10
0.448 0.999836 0.000163721 1.93028e-10
0.456 0.999866 0.000134399 1.29048e-10
0.464 0.999885 0.000115346 9.31794e-11
0.472 0.999898 0.000101531 6.95908e-11
0.48 0.99992 7.96144e-05 4.02527e-11
0.488 0.999933 6.65927e-05 2.59371e-11
0.496 0.999942 5.75533e-05 1.74474e-11
0.504 0.999956 4.37426e-05 8.80889e-12
0.512 0.999959 4.08781e-05 5.05668e-12
0.52 0.999971 2.9218e-05 2.14261e-12
0.528 0.999974 2.56483e-05 1.36547e-12
0.536 0.999983 1.74285e-05 4.97671e-13
0.544 0.999988 1.17694e-05 1.75313e-13
0.552 0.999992 8.18196e-06 6.45321e-14
0.56 0.999994 5.94611e-06 2.5764e-14
0.568 0.999996 3.79849e-06 7.9954e-15
0.576 0.999998 2.43976e-06 2.40385e-15
0.584 0.999998 1.61463e-06 7.67006e-16
0.592 0.999999 1.13683e-06 2.79938e-16
0.6 0.999999 6.88161e-07 7.31702e-17
0.608 1 3.49909e-07 1.85961e-17
0.616 1 2.09471e-07 4.76561e-18
0.624 1 1.26852e-07 1.38703e-18
0.632 1 7.7809e-08 3.83472e-19
0.64 1 4.81412e-08 1.08831e-19
0.648 1 2.38667e-08 3.02877e-20
0.656 1 1.43388e-08 9.46215e-21
0.664 1 8.51612e-09 2.51211e-21
0.672 1 5.06261e-09 6.72412e-22
0.68 1 2.9476e-09 2.14519e-22
0.688 1 1.67704e-09 5.37303e-23
0.696 1 9.93214e-10 1.72757e-23
0.704 1 5.85774e-10 4.69794e-24
0.712 1 3.52402e-10 1.34129e-24
0.72 1 2.32067e-10 6.45817e-25
0.728 1 1.46601e-10 2.1152e-25
0.736 1 1.00627e-10 1.18612e-25
0.744 1 7.26614e-11 5.36487e-26
0.752 1 5.25979e-11 3.55101e-26
0.76 1 4.00903e-11 1.84008e-26
0.768 1 2.96867e-11 1.32354e-26
0.776 1 2.73315e-11 8.18299e-27
0.784 1 2.02907e-11 5.91422e-27
0.792 1 1.60399e-11 3.29166e-27
0.8 1 1.25276e-11 2.69691e-27
0.808 1 8.07105e-12 1.30497e-27
0.816 1 5.73741e-12 8.82809e-28
0.824 1 3.93543e-12 3.60224e-28
0.832 1 2.50303e-12 1.23133e-28
0.84 1 1.66127e-12 7.15145e-29
0.848 1 9.86898e-13 2.07915e-29
0.856 1 5.28933e-13 7.55023e-30
0.864 1 3.06568e-13 2.05147e-30
0.872 1 1.57343e-13 6.77929e-31
0.88 1 6.60595e-14 1.56156e-31
0.888 1 4.14198e-14 4.85079e-32
0.896 1 3.27557e-14 4.03214e-32
0.904 1 4.73541e-14 7.49379e-32
0.912 1 5.34675e-14 1.32009e-31
0.92 1 7.53055e-14 3.59907e-31
0.928 1 1.27362e-13 1.42611e-30
0.936 1 2.50469e-13 7.77936e-30
0.944 1 5.46854e-13 3.37872e-29
0.952 1 1.26727e-12 2.48519e-28
0.96 1 3.08203e-12 2.03382e-27
0.968 1 7.77931e-12 1.19101e-26
0.976 1 2.01269e-11 1.05897e-25
0.984 1 5.28742e-11 6.76707e-25
0.992 1 1.3945e-10 8.69847e-24
1 1 3.65563e-10 5.52092e-23
1.008 1 9.4452e-10 4.6081e-22
1.016 1 2.39443e-09 2.74767e-21
1.024 1 5.92057e-09 1.56839e-20
1.032 1 1.42142e-08 1.14395e-19
1.04 1 3.30249e-08 7.42005e-19
1.048 1 7.42479e-08 3.51116e-18
1.056 1 1.6118e-07 1.55844e-17
1.064 1 3.37559e-07 8.04267e-17
1.072 0.999999 6.81831e-07 3.1097e-16
1.08 0.999999 1.33032e-06 1.12705e-15
1.088 0.999997 2.50848e-06 4.63812e-15
1.096 0.999995 4.57449e-06 1.47419e-14
1.104 0.999992 8.07566e-06 4.41556e-14
1.112 0.999986 1.3818e-05 1.47883e-13
1.12 0.999977 2.29677e-05 3.94131e-13
1.128 0.999963 3.71282e-05 9.97439e-13
1.136 0.999942 5.84457e-05 2.40309e-12
1.144 0.999877 0.000122656 1.30969e-11
1.152 0.99982 0.000179522 2.73621e-11
1.16 0.999742 0.000257528 5.49498e-11
1.168 0.999638 0.000361987 1.06317e-10
1.176 0.999501 0.000499232 1.98601e-10
1.184 0.999324 0.000676458 3.58895e-10
1.192 0.999099 0.000901444 7.08211e-10
1.2 0.998817 0.00118252 1.20099e-09
1.208 0.998474 0.00152567 1.98098e-09
1.216 0.998055 0.00194503 3.18308e-09
1.224 0.997115 0.00288523 7.21268e-09
1.232 0.99646 0.00354006 1.03933e-08
1.24 0.995706 0.0042941 1.51511e-08
1.248 0.994847 0.00515331 2.16402e-08
1.256 0.993877 0.00612289 3.34032e-08
1.264 0.991912 0.00808818 5.95847e-08
1.272 0.990647 0.00935341 7.89249e-08
1.28 0.989273 0.0107273 1.02863e-07
1.288 0.987791 0.012209 1.32058e-07
1.296 0.985004 0.0149954 2.02393e-07
1.304 0.983277 0.0167227 2.49223e-07
1.312 0.981469 0.0185303 3.0299e-07
1.32 0.979586 0.0204136 3.9525e-07
1.328 0.976298 0.0237015 5.36758e-07
1.336 0.974295 0.0257048 6.23734e-07
1.344 0.970943 0.0290564 7.99566e-07
1.352 0.968906 0.0310935 9.03661e-07
1.36 0.966862 0.0331369 1.01299e-06
1.368 0.963658 0.0363405 1.2166e-06
1.376 0.961685 0.0383134 1.33335e-06
1.384 0.958705 0.0412936 1.65522e-06
1.392 0.956842 0.0431558 1.77738e-06
1.4 0.9542 0.0457977 1.98195e-06
1.408 0.95252 0.0474783 2.09363e-06
1.416 0.950274 0.0497235 2.26917e-06
1.424 0.948795 0.0512022 2.36546e-06
1.432 0.94696 0.0530369 2.68293e-06
1.44 0.945682 0.0543156 2.76737e-06
1.448 0.941886 0.0581112 2.87013e-06
1.456 0.940652 0.0593452 2.93845e-06
1.464 0.939349 0.0606475 3.01744e-06
1.472 0.93824 0.0617567 2.93389e-06
1.48 0.937119 0.0628782 3.19465e-06
1.488 0.936075 0.0639214 3.24763e-06
1.496 0.934991 0.0650062 3.309e-06
1.504 0.931845 0.0681514 3.36006e-06
1.512 0.929759 0.0702377 3.67004e-06
1.52 0.928477 0.0715196 3.74719e-06
1.528 0.927103 0.0728935 3.83954e-06
1.536 0.923047 0.0769488 3.98544e-06
1.544 0.921365 0.0786303 4.3716e-06
1.552 0.919557 0.0804385 4.52248e-06
1.56 0.917619 0.0823761 4.6962e-06
1.568 0.911071 0.0889243 5.00024e-06
1.576 0.908552 0.0914425 5.55576e-06
1.584 0.905862 0.0941326 5.83308e-06
1.592 0.900424 0.0995701 6.12926e-06
1.6 0.897208 0.102785 6.48081e-06
1.608 0.889341 0.110651 7.24973e-06
1.616 0.880532 0.119461 7.52716e-06
1.624 0.873204 0.126788 8.0069e-06
1.632 0.865437 0.134555 8.53884e-06
1.64 0.85721 0.14278 9.64943e-06
1.648 0.842284 0.157705 1.02575e-05
1.656 0.832653 0.167336 1.09995e-05
1.664 0.822537 0.177451 1.18162e-05
1.672 0.81193 0.188056 1.34092e-05
1.68 0.800869 0.199117 1.44429e-05
1.688 0.781103 0.218881 1.54133e-05
1.696 0.768661 0.231321 1.75035e-05
1.704 0.755851 0.24413 1.8894e-05
1.712 0.733444 0.266536 2.01588e-05
1.72 0.719507 0.280472 2.0152e-05
1.728 0.711218 0.288762 2.03203e-05
1.736 0.6973 0.302677 2.30138e-05
1.744 0.672805 0.32717 2.44336e-05
1.752 0.658334 0.341639 2.6332e-05
1.76 0.63319 0.366782 2.79186e-05
1.768 0.6184 0.381568 3.15204e-05
1.776 0.603729 0.396237 3.39627e-05
1.784 0.578044 0.42192 3.59161e-05
1.792 0.569998 0.429966 3.61903e-05
1.8 0.544486 0.455474 3.99154e-05
1.808 0.530217 0.469744 3.94782e-05
1.816 0.504941 0.495017 4.1514e-05
1.824 0.491379 0.508579 4.14744e-05
1.832 0.465944 0.53402 3.69305e-05
1.84 0.446392 0.553577 3.09139e-05
1.848 0.432321 0.56765 2.9556e-05
1.856 0.405512 0.594461 2.70725e-05
1.864 0.378226 0.62175 2.35284e-05
1.872 0.350967 0.649012 2.02457e-05
1.88 0.337093 0.662887 2.00837e-05
1.888 0.316052 0.683931 1.6878e-05
1.896 0.288855 0.711133 1.21841e-05
1.904 0.26492 0.73507 1.00161e-05
1.912 0.238787 0.761205 8.14822e-06
1.92 0.218251 0.781742 6.48674e-06
1.928 0.193512 0.806483 5.11492e-06
1.936 0.16987 0.830126 3.96517e-06
1.944 0.150063 0.849934 3.01038e-06
1.952 0.117824 0.882175 1.71206e-06
1.96 0.102327 0.897672 1.22464e-06
1.968 0.0869957 0.913003 8.58796e-07
1.976 0.0720815 0.927918 5.89993e-07
1.984 0.0511761 0.948824 2.6982e-07
1.992 0.0407132 0.959287 1.7104e-07
2 0.0325629 0.967437 1.05293e-07
2.008 0.0260857 0.973914 6.27979e-08
2.016 0.0158216 0.984178 2.00649e-08
2.024 0.0114849 0.988515 1.03763e-08
2.032 0.00833656 0.991663 5.09899e-09
2.04 0.00579822 0.994202 2.39368e-09
2.048 0.00396859 0.996031 1.09113e-09
2.056 0.00281786 0.997182 4.98214e-10
2.064 0.00196058 0.998039 2.39944e-10
2.072 0.00223046 0.99777 3.61567e-10
2.08 0.00177761 0.998222 2.424e-10
2.088 0.00170476 0.998295 2.55979e-10
2.096 0.00246469 0.997535 7.28856e-10
2.104 0.00330807 0.996692 1.60419e-09
2.112 0.00470147 0.995299 4.26564e-09
2.12 0.00751108 0.992489 1.3795e-08
2.128 0.0109251 0.989075 3.80454e-08
2.136 0.0163057 0.983694 1.10603e-07
2.144 0.0242295 0.97577 2.99809e-07
2.152 0.0340113 0.965988 7.41121e-07
2.16 0.0471835 0.952815 1.77447e-06
2.168 0.0636984 0.936298 3.97201e-06
2.176 0.0840847 0.915907 8.42148e-06
2.184 0.109924 0.89006 1.68294e-05
2.192 0.138714 0.861254 3.21193e-05
2.2 0.170988 0.828954 5.81189e-05
2.208 0.20646 0.79344 0.000100439
2.216 0.246639 0.753191 0.000170259
2.224 0.286908 0.712771 0.000320725
2.232 0.328203 0.671306 0.000490592
2.24 0.369719 0.629555 0.000725801
2.248 0.413616 0.585347 0.00103638
2.256 0.458456 0.540047 0.00149667
2.264 0.496736 0.50123 0.00203378
2.272 0.53127 0.466386 0.00234462
2.28 0.568735 0.428657 0.00260721
2.288 0.605746 0.391371 0.00288268
2.296 0.648687 0.34811 0.00320281
2.304 0.683428 0.313073 0.00349904
2.312 0.716437 0.279761 0.00380177
2.32 0.744705 0.251099 0.00419559
2.328 0.77382 0.221673 0.00450669
2.336 0.802774 0.192499 0.00472717
2.344 0.834742 0.160289 0.00496899
2.352 0.857698 0.137141 0.0051609
2.36 0.876179 0.118362 0.00545903
2.368 0.894249 0.100129 0.00562178
2.376 0.90993 0.0842969 0.00577314
2.384 0.922008 0.0719305 0.00606151
2.392 0.933805 0.0600088 0.00618663
2.4 0.943813 0.0498821 0.00630452
2.408 0.951229 0.0421874 0.00658413
2.416 0.958514 0.0348062 0.00667948
2.424 0.963698 0.029335 0.00696714
2.432 0.970236 0.0227104 0.00705362
2.44 0.974319 0.0185517 0.00712893
2.448 0.977072 0.0155186 0.00740906
2.456 0.979921 0.0126087 0.00747067
2.464 0.98172 0.0105213 0.00775875
2.472 0.983144 0.00878743 0.00806905
2.48 0.984811 0.00708312 0.00810545
2.488 0.985679 0.00590069 0.00841999
2.496 0.986816 0.0047362 0.00844774
2.504 0.987299 0.00393566 0.0087652
2.512 0.989122 0.00327642 0.00760136
2.52 0.989795 0.00261132 0.00759324
2.528 0.989972 0.00216446 0.00786349
2.536 0.990064 0.00179381 0.00814227
2.544 0.990086 0.00148623 0.00842824
2.552 0.99005 0.0012308 0.00871946
2.56 0.990386 0.000967543 0.00864694
2.568 0.990283 0.000797899 0.00891899
2.576 0.990152 0.000657386 0.00919061
2.584 0.99 0.000540983 0.00945921
2.592 0.989832 0.00044464 0.00972344
2.6 0.989653 0.000364984 0.00998199
2.608 0.99123 0.000299709 0.0084707
2.616 0.991088 0.000245339 0.00866707
2.624 0.990927 0.000216752 0.00885575
2.632 0.990786 0.00017706 0.00903651
2.64 0.990647 0.000144442 0.00920872
2.648 0.99051 0.00011768 0.00937233
2.656 0.992052 9.59216e-05 0.00785186
2.664 0.991954 7.79611e-05 0.00796757
2.672 0.991861 6.32892e-05 0.00807578
2.68 0.991772 5.13206e-05 0.00817661
2.688 0.991688 4.15698e-05 0.00827009
2.696 0.993105 3.65142e-05 0.0068589
2.704 0.993051 2.95314e-05 0.00691937
2.712 0.993002 2.38592e-05 0.00697397
2.72 0.992958 1.92563e-05 0.00702275
2.728 0.992919 1.55254e-05 0.00706589
2.736 0.994181 1.25211e-05 0.00580598
2.744 0.994161 1.0075e-05 0.0058286
2.752 0.994145 8.09868e-06 0.005847
2.76 0.994132 7.06802e-06 0.00586139
2.768 0.995213 5.68016e-06 0.00478112
2.776 0.995212 4.55541e-06 0.00478336
2.784 0.995214 3.6499e-06 0.0047828
2.792 0.995218 2.92161e-06 0.00477957
2.8 0.995788 2.70372e-06 0.00420974
2.808 0.995791 2.36064e-06 0.00420621
2.816 0.995797 1.89444e-06 0.00420085
2.824 0.995805 1.51912e-06 0.00419384
2.832 0.996612 1.2182e-06 0.00338682
2.84 0.996623 9.75371e-07 0.00337628
2.848 0.996634 7.80379e-07 0.00336475
2.856 0.997296 6.24332e-07 0.00270352
2.864 0.997309 5.43904e-07 0.0026908
2.872 0.997322 4.34555e-07 0.00267756
2.88 0.997043 4.20854e-07 0.00295657
2.888 0.997629 3.37812e-07 0.00237086
2.896 0.997639 2.70871e-07 0.00236027
2.904 0.99765 2.26078e-07 0.00234951
2.912 0.998124 1.9716e-07 0.00187541
2.92 0.998135 1.79971e-07 0.00186518
2.928 0.997913 1.89004e-07 0.00208695
2.936 0.997921 1.66894e-07 0.00207898
2.944 0.998342 1.422e-07 0.00165769
2.952 0.99835 1.26205e-07 0.00165025
2.96 0.998139 1.41761e-07 0.00186132
2.968 0.998144 1.22061e-07 0.00185615
2.976 0.998521 1.09431e-07 0.00147917
2.984 0.998526 9.78902e-08 0.00147438
2.992 0.998325 1.12438e-07 0.00167507
3 0.998664 9.78709e-08 0.00133545
3.008 0.998667 8.52888e-08 0.00133288
3.016 0.998478 9.94355e-08 0.001522
3.024 0.998478 8.7284e-08 0.00152178
3.032 0.998786 7.97308e-08 0.00121407
3.04 0.998607 9.07587e-08 0.00139306
3.048 0.998604 8.04387e-08 0.00139547
3.056 0.998601 7.41846e-08 0.00139865
3.064 0.998713 8.57469e-08 0.00128698
3.072 0.998707 7.94482e-08 0.00129293
3.08 0.998506 9.61849e-08 0.00149367
3.088 0.998795 8.72312e-08 0.00120458
3.096 0.998785 7.94108e-08 0.00121517
3.104 0.998587 9.7874e-08 0.00141328
3.112 0.998569 9.0186e-08 0.00143047
3.12 0.99855 8.6534e-08 0.00144953
3.128 0.998639 1.0858e-07 0.00136099
3.136 0.998616 1.09153e-07 0.00138413
3.144 0.998591 1.06468e-07 0.00140921
3.152 0.998586 1.00825e-07 0.0014144
3.16 0.998658 1.25002e-07 0.00134208
3.168 0.998648 1.19857e-07 0.0013519
3.176 0.998622 1.17734e-07 0.00137757
3.184 0.998595 1.16189e-07 0.00140487
3.192 0.998566 1.15187e-07 0.00143373
3.2 0.998611 1.49113e-07 0.00138845
3.208 0.99858 1.44299e-07 0.00141978
3.216 0.998547 1.44915e-07 0.0014524
3.224 0.998514 1.46088e-07 0.00148623
3.232 0.998479 1.47812e-07 0.00152123
3.24 0.998715 1.50126e-07 0.00128523
3.248 0.998683 1.52955e-07 0.00131712
3.256 0.998444 2.02148e-07 0.00155581
3.264 0.998406 2.07217e-07 0.00159403
3.272 0.998367 2.13043e-07 0.00163311
3.28 0.998327 2.1966e-07 0.001673
3.288 0.998286 2.19489e-07 0.00171366
3.296 0.998541 2.27606e-07 0.00145869
3.304 0.998505 2.36565e-07 0.00149503
3.312 0.998468 2.46492e-07 0.00153196
3.32 0.99843 2.57459e-07 0.00156947
3.328 0.998392 2.69548e-07 0.00160753
3.336 0.998354 2.7318e-07 0.00164612
3.344 0.998314 2.87313e-07 0.00168522
3.352 0.998275 3.02832e-07 0.00172483
3.36 0.998525 3.19957e-07 0.00147465
3.368 0.99849 3.26928e-07 0.00150987
3.376 0.998454 3.46762e-07 0.00154557
3.384 0.998418 3.68535e-07 0.00158175
3.392 0.998381 3.9245e-07 0.00161847
3.4 0.998344 4.04122e-07 0.00165575
3.408 0.998306 4.32068e-07 0.00169367
3.416 0.998267 4.62848e-07 0.0017323
3.424 0.998228 4.79359e-07 0.00177174
3.432 0.998187 5.15595e-07 0.00181213
3.44 0.998146 5.55687e-07 0.00185363
3.448 0.998403 5.792e-07 0.00159616
3.456 0.998365 6.2694e-07 0.00163482
3.464 0.998324 6.56083e-07 0.00167505
3.472 0.998282 7.134e-07 0.00171712
3.48 0.998238 7.77502e-07 0.00176129
3.488 0.998191 8.19499e-07 0.0018079
3.496 0.998142 8.97548e-07 0.00185726
3.504 0.998335 7.52302e-07 0.00166411
3.512 0.998286 8.29197e-07 0.0017135
3.52 0.998233 8.83818e-07 0.00176632
3.528 0.998176 9.79278e-07 0.0018229
3.536 0.998115 1.04951e-06 0.00188363
3.544 0.998348 1.16931e-06 0.00165085
3.552 0.998287 1.26013e-06 0.00171195
3.56 0.998221 1.41077e-06 0.00177773
3.568 0.998388 1.21713e-06 0.00161032
3.576 0.998321 1.37162e-06 0.00167777
3.584 0.998248 1.49663e-06 0.00175051
3.592 0.998169 1.69495e-06 0.00182897
3.6 0.998085 1.86031e-06 0.0019136
3.608 0.998249 1.63789e-06 0.00174887
3.616 0.998438 1.81297e-06 0.00156019
3.624 0.998356 2.07765e-06 0.00164202
3.632 0.998267 2.31332e-06 0.00173042
3.64 0.998406 2.07429e-06 0.00159162
3.648 0.998315 2.32984e-06 0.00168294
3.656 0.998216 2.6262e-06 0.00178166
3.664 0.998109 2.89435e-06 0.00188838
3.672 0.998247 2.65049e-06 0.00174994
3.68 0.99841 3.02841e-06 0.00158647
3.688 0.998306 3.39516e-06 0.00169058
3.696 0.998193 3.90707e-06 0.00180321
3.704 0.998314 3.58504e-06 0.00168209
3.712 0.998197 4.09182e-06 0.00179908
3.72 0.99807 4.69577e-06 0.00192558
3.728 0.998453 4.35091e-06 0.00154237
3.736 0.998338 5.0098e-06 0.00165698
3.744 0.998213 5.81668e-06 0.00178091
3.752 0.998317 5.53094e-06 0.00167709
3.76 0.998187 6.50664e-06 0.00180602
3.768 0.998047 7.77716e-06 0.00194526
3.776 0.998416 7.89185e-06 0.00157566
3.784 0.998288 9.48172e-06 0.00170214
3.792 0.99815 1.13771e-05 0.00183876
3.8 0.998243 1.12915e-05 0.00174588
3.808 0.998098 1.35491e-05 0.00188827
3.816 0.998445 1.35008e-05 0.00154119
3.824 0.998313 1.61962e-05 0.00167102
3.832 0.998169 1.93992e-05 0.00181138
3.84 0.99825 1.94135e-05 0.00173013
3.848 0.9981 2.32402e-05 0.00187702
3.856 0.998434 2.33371e-05 0.00154305
3.864 0.998294 2.79182e-05 0.00167776
3.872 0.998143 3.33451e-05 0.00182372
3.88 0.998215 3.36022e-05 0.00175132
3.888 0.998055 4.01023e-05 0.00190493
3.896 0.998383 4.05324e-05 0.00157679
3.904 0.998233 4.83331e-05 0.00171873
3.912 0.998294 4.89647e-05 0.00165734
3.92 0.998134 5.83367e-05 0.0018076
3.928 0.998232 6.94186e-05 0.00169862
3.936 0.998287 7.0539e-05 0.00164247
3.944 0.998121 8.38455e-05 0.00179473
3.952 0.998176 8.53934e-05 0.00173893
3.96 0.998259 0.000101441 0.00163924
3.968 0.998305 0.000103539 0.00159125
3.976 0.998134 0.000122859 0.00174351
3.984 0.998179 0.000125662 0.00169579
3.992 0.998247 0.00014902 0.00160387
4 0.998284 0.000152725 0.00156286
4.008 0.998102 0.000180912 0.00171713
4.016 0.99815 0.000184329 0.00166559
4.024 0.998213 0.000216567 0.00157048
4.032 0.998253 0.000221136 0.00152631
4.04 0.998069 0.000259624 0.00167116
4.048 0.998331 0.000265719 0.00140332
4.056 0.998148 0.000311815 0.00154011
4.064 0.998178 0.000319709 0.00150276
4.072 0.997974 0.000374977 0.00165055
4.08 0.998222 0.000385306 0.00139239
4.088 0.998015 0.000451682 0.00153294
4.096 0.998033 0.00046489 0.00150168
4.104 0.998026 0.000544793 0.00142873
4.112 0.998036 0.000561734 0.00140235
4.12 0.997793 0.000657758 0.00154878
4.128 0.998006 0.000679526 0.0013143
4.136 0.998003 0.000702833 0.00129418
4.144 0.997744 0.000822707 0.00143368
4.152 0.997733 0.000852297 0.00141441
4.16 0.997648 0.000997181 0.00135442
4.168 0.997627 0.00103463 0.00133885
4.176 0.997303 0.00120937 0.00148765
4.184 0.997471 0.00125688 0.00127199
4.192 0.997431 0.00130759 0.00126135
4.2 0.997067 0.0015275 0.00140566
4.208 0.997203 0.00159158 0.00120519
4.216 0.996796 0.00185764 0.00134613
4.224 0.996722 0.00193767 0.00133989
4.232 0.996824 0.00202378 0.00115204
4.24 0.99635 0.00236006 0.0012904
4.248 0.996244 0.00246735 0.0012884
4.256 0.995878 0.00287484 0.00124733
4.264 0.995743 0.00300881 0.00124782
4.272 0.995598 0.0031522 0.0012497
4.28 0.995118 0.00366862 0.00121293
4.288 0.994936 0.00384717 0.00121711
4.296 0.994345 0.00447188 0.00118332
4.304 0.994117 0.00469369 0.00118966
4.312 0.993872 0.00493097 0.00119734
4.32 0.99311 0.00572341 0.00116698
4.328 0.992806 0.00601734 0.00117673
4.336 0.99248 0.00633168 0.00118783
4.344 0.991502 0.00733717 0.0011605
4.352 0.991101 0.00772534 0.00117361
4.36 0.989734 0.00893605 0.00132961
4.368 0.989421 0.00941558 0.00116347
4.376 0.988894 0.00992634 0.00117995
4.384 0.987382 0.0114609 0.0011572
4.392 0.986737 0.0120874 0.00117564
4.4 0.986048 0.0127567 0.00119556
4.408 0.984129 0.0146956 0.00117499
4.416 0.98329 0.015513 0.00119691
4.424 0.982558 0.0163884 0.00105336
4.432 0.97997 0.0188286 0.00120175
4.44 0.978883 0.0198894 0.00122729
4.448 0.977892 0.0210242 0.00108346
4.456 0.974662 0.0240864 0.00125141
4.464 0.973434 0.0254588 0.0011067
4.472 0.971937 0.0269158 0.00114724
4.48 0.967935 0.0307396 0.00132546
4.488 0.966327 0.0324966 0.001176
4.496 0.96442 0.0343587 0.00122137
4.504 0.959681 0.0391113 0.00120781
4.512 0.957411 0.0413337 0.00125579
4.52 0.955001 0.0436923 0.00130638
4.528 0.949162 0.0495447 0.00129316
4.536 0.946316 0.0523371 0.00134651
4.544 0.943494 0.0553046 0.00120158
4.552 0.940312 0.0584342 0.00125349
4.56 0.932844 0.0659147 0.00124168
4.568 0.929127 0.0695769 0.00129622
4.576 0.925206 0.0734407 0.00135358
4.584 0.916215 0.0824437 0.00134114
4.592 0.911684 0.086915 0.00140116
4.6 0.907109 0.0916343 0.00125689
4.608 0.902113 0.0965723 0.00131513
4.616 0.890998 0.107699 0.00130284
4.624 0.885313 0.113323 0.00136354
4.632 0.879371 0.119202 0.00142713
4.64 0.866431 0.132156 0.00141321
4.648 0.859767 0.138753 0.00147926
4.656 0.853022 0.145644 0.00133355
4.664 0.845835 0.152767 0.00139771
4.672 0.830595 0.168021 0.00138345
4.68 0.822704 0.175846 0.0014502
4.688 0.814736 0.183953 0.00131122
4.696 0.806365 0.192259 0.00137661
4.704 0.78901 0.209627 0.00136283
4.712 0.780041 0.218527 0.00143151
4.72 0.770881 0.227615 0.00150391
4.728 0.761709 0.236923 0.00136811
4.736 0.752225 0.246335 0.0014405
4.744 0.742757 0.255929 0.00131428
4.752 0.723118 0.275374 0.00150711
4.76 0.713356 0.285265 0.00137974
4.768 0.703391 0.295151 0.00145876
4.776 0.693533 0.305126 0.00134056
4.784 0.683529 0.31505 0.00142174
4.792 0.673669 0.325019 0.00131198
4.8 0.663716 0.334888 0.001396
4.808 0.653944 0.344762 0.00129398
4.816 0.644125 0.354494 0.00138154
4.824 0.63452 0.364193 0.0012866
4.832 0.625023 0.373777 0.00120067
4.84 0.615546 0.383164 0.00128997
4.848 0.606318 0.392473 0.00120982
4.856 0.597141 0.401555 0.0013044
4.864 0.588233 0.410538 0.0012296
4.872 0.579399 0.419271 0.00133037
4.88 0.570848 0.427892 0.00126057
4.888 0.562482 0.436321 0.00119728
4.896 0.554215 0.444481 0.00130348
4.904 0.546236 0.452519 0.0012445
4.912 0.548358 0.450376 0.00126631
4.92 0.540701 0.458084 0.00121545
4.928 0.53323 0.4656 0.00116949
4.936 0.525859 0.472855 0.00128638
4.944 0.518753 0.480003 0.00124404
4.952 0.52144 0.477279 0.00128101
4.96 0.5146 0.484154 0.00124522
4.968 0.507916 0.490871 0.00121333
4.976 0.501297 0.497356 0.00134677
4.984 0.504373 0.494395 0.00123208
4.992 0.498028 0.500771 0.00120063
5 0.491766 0.507091 0.00114271
5.008 0.494905 0.503879 0.00121605
5.016 0.488734 0.510103 0.00116347
5.024 0.491987 0.506918 0.00109526
5.032 0.485788 0.513017 0.00119513
5.04 0.479659 0.51919 0.00115128
5.048 0.482909 0.516 0.0010913
5.056 0.476756 0.522188 0.00105534
5.064 0.479867 0.518994 0.00113961
5.072 0.47365 0.525243 0.00110638
5.08 0.476712 0.522232 0.00105693
5.088 0.470389 0.528581 0.0010294
5.096 0.473235 0.525646 0.00111845
5.104 0.466776 0.532131 0.00109281
5.112 0.469505 0.529444 0.00105073
5.12 0.462884 0.536087 0.00102938
5.128 0.465348 0.533528 0.00112376
5.136 0.467763 0.531152 0.00108518
5.144 0.460894 0.538038 0.00106752
5.152 0.463129 0.535837 0.00103373
5.16 0.465264 0.533733 0.00100241
5.168 0.458183 0.540827 0.000990056
5.176 0.460097 0.538814 0.00108897
5.184 0.461975 0.536964 0.00106053
5.192 0.454695 0.544254 0.00105171
5.2 0.456411 0.542562 0.00102698
5.208 0.458034 0.540961 0.00100413
5.216 0.450549 0.548451 0.000999435
5.224 0.452004 0.547016 0.000979651
5.232 0.45294 0.545973 0.0010867
5.24 0.453838 0.545093 0.00106851
5.248 0.446051 0.55288 0.00106836
5.256 0.446768 0.552179 0.0010528
5.264 0.447384 0.551578 0.00103855
5.272 0.447898 0.551076 0.00102553
5.28 0.448675 0.550312 0.001013
5.288 0.448981 0.550017 0.00100223
5.296 0.440303 0.558689 0.00100848
5.304 0.440774 0.558227 0.000998872
5.312 0.440768 0.558241 0.00099084
5.32 0.440652 0.558364 0.000983668
5.328 0.440371 0.558527 0.00110207
5.336 0.440035 0.55887 0.00109577
5.344 0.439587 0.559323 0.00109028
5.352 0.439028 0.559886 0.00108556
5.36 0.43836 0.560559 0.00108157
5.368 0.437584 0.561338 0.00107827
5.376 0.436708 0.562217 0.00107561
5.384 0.42697 0.57194 0.00109024
5.392 0.426 0.572912 0.00108853
5.4 0.424994 0.573918 0.00108726
5.408 0.423943 0.574971 0.00108644
5.416 0.422837 0.576077 0.00108607
5.424 0.42167 0.577244 0.00108614
5.432 0.420434 0.578479 0.00108665
5.44 0.419124 0.579788 0.0010876
5.448 0.417737 0.581174 0.00108899
5.456 0.416267 0.582642 0.00109081
5.464 0.414712 0.584194 0.00109306
5.472 0.41307 0.585834 0.00109575
5.48 0.411339 0.587562 0.00109886
5.488 0.40079 0.598092 0.00111871
5.496 0.398886 0.599992 0.00112269
